res	AA	4MNE_C	4MNE_B	9RTR_C	9RTR_B	9RTS_C	9RTS_B
442	SER	0	0	0	0	30	0
443	ASN	0	0	0	0	20	0
444	ALA	0	0	0	0	50	0
445	ASP	0	0	0	0	30	0
446	SER	0	0	0	0	20	0
447	SER	0	0	30	0	20	0
448	ASP	0	0	70	30	70	40
449	ASP	0	0	80	90	80	90
450	TRP	80	80	100	100	90	110
451	GLU	0	0	20	30	20	30
452	ILE	0	0	90	80	110	90
453	PRO	0	0	60	60	50	50
456	GLN	0	0	70	90	80	90
475	LYS	0	20	20	0	0	0
476	TRP	60	70	100	100	100	100
477	HIS	80	80	100	90	100	90
478	GLY	60	80	0	20	0	0
506	ARG	20	20	40	60	20	60
507	LYS	20	0	50	80	70	80
508	THR	70	70	0	0	0	20
509	ARG	100	100	100	100	100	100
510	HIS	90	90	90	80	90	80
511	VAL	60	60	70	80	80	70
513	ILE	0	0	90	70	60	60
515	LEU	80	80	100	100	100	100
516	PHE	100	100	0	80	50	50
517	MET	100	90	100	100	100	100
518	GLY	0	0	0	0	0	110
530	GLN	80	80	50	70	70	60
532	CYS	0	0	0	20	0	0
562	GLN	90	60	0	0	0	0
562	ARG	0	0	30	0	20	20
565	ASP	70	60	0	0	0	0
566	TYR	100	100	50	40	50	50
569	ALA	30	30	0	0	0	50
570	LYS	50	40	50	30	60	90
571	SER	0	0	0	0	0	40
585	HIS	30	40	0	0	0	0
586	GLU	40	40	0	0	0	0
587	ASP	0	0	0	20	0	0
588	LEU	50	40	0	0	0	0
589	THR	30	30	0	0	0	0
591	LYS	0	0	80	90	80	70
600	GLU	0	0	0	0	0	20
715	GLU	30	0	0	0	0	0
